49615380
61175135
35691652
79213798
83512441
88289244
70472706
5010944
47259463
9207174
99848523
63860025
2302098
63228977
16496919
1643296
15801425
35922062
64714879
6664518
42964430
26130327
6178386
97678085
97865801
6367060
48192744
78419151
91876379
8165291
15124452
67662170
73831068
20306713
87151388
51393647
66543382
43651418
36509101
67012521
72036958
77678384
78116838
48110932
41169871
32332099
26290781
55393912
64271456
19831472
26276319
25528414
54425849
24635242
92610725
24098035
65529639
70524469
87330331
26459925
32893488
45917653
6110001
73089515
63309305
86236268
86665315
78360593
1522713
81535163
81201573
42478793
24959915
55222866
10609975
36995521
75686324
44345299
34263743
76728329
6969479
51190649
36547577
10606382
5622366
20829096
57541008
32525254
36331135
73450481
44570155
9307213
1061764
1133428
83410479
46354639
23370933
17272350
2900392
67914532
76003425
30907986
90205480
48755860
17193340
73886873
22870359
92032270
31548062
2377043
13237950
72593102
28161653
56354852
68430072
9361123
62208114
30888268
79517092
32308612
88605642
69168914
87045118
35634219
58163430
61318285
78477000
83808528
3783080
30059492
62101173
21263070
7616363
66929088
18340553
19817883
50304975
83902628
31461806
35773656
74208366
83218413
38663141
66737620
8403564
23733837
11801809
3095436
99045608
81614604
71124161
99436218
69972454
60282143
23266975
39679198
46549172
43399223
36827332
30493619
88035862
20202052
85856470
56183860
54702389
24284008
3579637
39091938
32464744
97336480
8062695
20304869
58557891
3466992
85430648
54455834
258091
53067289
29823908
18633417
88099781
8657011
87222023
83412032
46410357
18245938
5299949
11080336
65623808
70947772
24942936
77934851
20442996
7862249
12184481
26533342
91165114
20331579
67089676
73296541
91655599
26566400
38998231
55231658
77986272
22938902
1233610
37528681
13626212
73993105
83599850
4095815
41703676
99881698
3867935
11319801
57726528
67930504
38689045
4957965
76759197
47185329
83294147
65534164
10492934
47855990
62489358
12946208
66699094
57745297
92377161
79511185
11887339
6687446
92809830
83717969
99537592
45834726
73139171
4715454
79371480
61708479
69561035
75953461
7218076
82310378
16281130
46520971
55401439
87092196
34690550
57830235
19777222
45889618
56234495
64434970
51369380
38703763
38339365
97825220
80656912
70639691
51129889
88518040
21131127
78170252
4662168
79485212
62871509
40021123
73244430
2798519
88309743
93545795
38317488
88760746
60808377
64128696
68547659
86144494
99512979
32296764
21666300
72629436
42126348
91517368
11744828
99448827
95637030
68075533
72609213
36476574
21985123
40232364
45780174
59237361
97979019
65905774
44384683
37746121
14440437
22131619
80197944
88829217
64861613
44706755
66995401
46637528
9929822
49543866
13280229
72196024
22236681
80284834
17982240
23771538
91974770
49309562
34618258
91019792
23022392
31645176
92549031
51900508
58306624
93493805
18024703
49826439
53381114
21883516
59789214
21729624
55734855
10401649
31717578
10602994
82518279
99538346
39011037
65864141
27834113
97716826
27012036
47702420
96481862
69313410
98374459
75938569
77287536
42373197
27254676
49447162
16038175
4632587
13783456
91038624
50378467
69195956
24247310
83924471
40321944
47427001
48175207
45102522
23262555
3546496
76872325
85230990
89694391
35878888
62826482
41696853
67389297
45196980
38059354
85090266
67154871
54357293
19184795
83731809
48614009
90424449
12963077
64290500
72022159
75837855
28567210
39548700
84166904
80642198
25959175
94334027
49352998
90793450
80685556
12409915
95329004
15098096
68880052
67781003
96363371
57773051
82627322
29846431
80140983
55491527
15597062
671024
9054885
90937366
31443432
23562723
8476795
88930163
9895176
75107312
1121329
84221913
75766008
48429336
6706069
95918356
25951711
78041300
61352848
78373520
32658789
18014302
85400978
70864306
59435855
90632344
26176984
33825352
38039194
30996396
82375233
96850066
76184285
4863182
74104181
45528398
5550856
99278168
67227188
54245448
31651364
24498336
85055863
11991183
548904
4416301
19113845
27467853
65761087
5712807
22853119
96535477
493197
80208007
81791395
51185432
41243949
53014752
80339397
15570922
91681778
84153912
99265851
66966977
91263602
36954285
86080769
90481575
7731620
89471711
62738352
15957339
78087490
60625556
76746470
76774304
34641607
53162931
27100533
59818982
12190581
93592130
71616754
18833487
97131450
46329361
39667608
59276604
72623795
64109615
34676792
78951185
89943209
70788840
32982761
44629237
67595949
27931988
31878411
97058753
39835477
84297824
33996779
16576302
19963903
30988629
34064204
58670527
57608886
39066311
18423164
6357546
39135890
53299190
92809195
29851435
87921084
49323967
2334430
91140749
74418393
45352554
78622310
87837448
44677143
75625064
78153567
22106463
46922001
60019232
23503655
9400663
83492501
15037617
98632543
11194912
83146495
80452890
20538347
37728150
73670646
78280323
36743945
80840846
92152604
32910342
43784317
78190190
1709348
76937806
37118306
9456756
63401788
54114881
33699235
31713706
79661865
61837814
57648172
45714351
99058373
16948861
23259266
77379558
76956485
15840515
3238203
49263225
28044131
910039
61821457
559385
22227661
87425063
81332150
75348197
91815903
8139644
86853145
83952280
13542296
28381150
91391883
37263124
86533819
30733160
96833421
67806213
41437494
24048453
3959100
61622201
36571514
35693893
21334679
7410804
48007518
72785591
53393784
86234576
17613661
7147052
36266799
27450542
1061859
37626260
31170625
70635023
70636486
3374943
96207457
14937403
72170072
7341239
24850201
92329669
1205886
53520513
85880121
82945554
3676998
84090939
28650067
45569569
67054121
10508392
36085844
50769464
63268881
95595936
39955759
20986945
71928541
81057098
56348826
42201754
6641040
69920139
89939259
86640896
23943779
19952694
65153816
89377228
33682517
94650802
90812632
95000030
54373970
56189253
84368524
26743551
99052971
23090577
84993311
73523893
18090734
79245664
60342599
8304251
31675943
1862374
10041931
11653206
26343769
41886384
37440243
22281759
62027568
68562217
70120732
45756328
95516233
82175847
41826604
20288016
72444239
58098474
71536657
87905483
89264802
71171641
66897990
94775379
9883131
35164153
19729233
39897058
62181874
15407965
41622819
35180730
47556090
95722647
3826038
42652449
37067905
67202922
28200878
47652428
13013489
11331740
83636994
44287804
41599985
88936321
60709788
26318955
62778081
49527796
88238083
82124070
7315422
81835950
16616576
81629664
75147537
47548411
12969626
37676867
67429533
48661233
45049743
73237076
65566829
8549078
21934486
56375451
65474288
73266706
68361706
85009287
77415589
77588916
38594204
81909888
44613983
18439726
66429035
34625218
26393528
22631279
6561994
80084250
50945242
97489252
44252656
8459118
95366313
77252577
40395677
2054958
31147381
51204420
73506666
95094466
97260716
53774147
26528071
59586232
28202500
58012339
39341120
19627896
91627915
1860329
55353134
62750938
43145250
90480977
6148714
16896713
51965326
84910012
6941482
67713183
79574040
23301417
46269266
73066239
50819873
90336249
53396686
93514321
27001642
7143306
38756091
6258787
77717528
46027709
93605567
71699388
57142067
32083302
29176161
59125015
2380936
76038960
8269112
83018566
92170658
73158789
78234829
84048113
207501
34939113
50784337
98668193
23751839
13161146
62451061
27437035
72692939
5267124
43324844
73909637
13504690
7009846
26206996
29740469
89590020
45871370
53337506
15643127
48273562
79690673
28091889
43330918
75665471
98885543
27651978
98232454
90080926
45132417
74999748
45013781
64432988
3863556
65279776
33641954
40648466
23680944
93852624
58284033
5056929
18735397
69778579
6325826
69649329
69510202
77056503
62115407
23463849
61426219
25520154
64164033
16956719
37229252
53550638
57411402
61084889
67644796
7995831
67298655
14239076
4898693
91725770
55080371
42107257
86525882
73474154
25629492
33012060
78519948
38321803
3149799
13047665
64653819
52063735
74939133
19857800
80926989
79400514
49690381
61988308
95794508
32451135
45517432
63566715
81817590
74969989
83964731
49578305
10815794
95571623
2212016
48810723
64939237
61662083
55115436
19082944
69928906
88921285
59205884
33659757
92037640
38931908
74854435
24976884
33394100
64513118
93585353
42809892
69174830
39538857
80717286
231516
13897553
20750056
94435296
30170084
93007431
22600513
20466112
42810262
7324011
34719410
13299681
13829329
96636009
77398280
41658565
72697971
48322978
23387571
20192230
19136652
8629786
6771551
98783377
81521445
45731918
33553229
56324596
66625766
10958216
74733706
57343188
5644575
90907601
88368716
18433251
23617715
49746058
40486799
93498908
90154314
45017669
70033731
1856047
43191624
95518840
36493441
33797426
71662255
51182771
88638244
58540134
61411331
58323014
43925154
35024579
90963381
51782892
70922432
83668590
45154995
86219311
75743615
49925760
72297489
86357150
2864525
27273215
18950572
50976666
97197317
65035242
75981642
48089391
20498441
70349624
16221112
38238977
99262081
22081139
66769899
11917056
52763094
72633322
80505117
56103395
26707796
23350039
62032835
87715237
78734549
41877873
24915915
12726408
38723290
93011032
52909858
76651405
47457561
50561186
18853363
51185217
8995419
77985502
94709985
8555174
60743411
39783361
79062879
43759046
85525452
63358090
47198513
65113201
65688009
88087117
54222327
12539839
16319996
30782304
3320405
20177709
31356350
53462042
2005347
48094130
39764851
89628774
46802939
25233167
90137434
64807627
76275713
99765381
22263531
21416193
84305805
17200232
91833286
72703921
90112407
37297584
92404863
18069200
22260614
46503568
53077226
83021120
32646175
85523899
59777952
85158126
24809229
98720771
46488853
97824005
135548
34905528
30831176
74745769
58719784
49756982
47881488
54197180
37875469
25934751
63014671
31821790
37705286
63056627
79972277
14477644
24495774
17895995
26348528
18448336
26882437
98640962
64860891
2560910
83740785
6226862
70577227
83163003
63375089
29011140
72252568
71573812
56774236
68599225
89728348
31071913
14423851
21307528
44965734
64928544
84341560
65025082
30658785
81374336
50315784
69684832
82625046
59245275
57609363
55970520
21545495
72752025
26752088
53331487
67526823
48268242
69468536
24425568
68455407
11034247
3725486
88436510
15920329
13418139
17094281
95009985
92207014
17564033
99324685
29518483
15548010
69447981
52048008
55484038
13774046
92069411
34150793
35481610
22829861
73398747
55368122
98259679
14586760
92901374
99468033
70806198
41662871
36513156
8997623
43079914
85398470
80674032
19126228
33240506
39272553
4683302
96586890
59032188
45232422
67463362
23099865
83022795
93331651
314975
39587174
47635996
70756629
8616491
16408131
38586625
90345430
39816166
25281357
52389501
50869146
23898276
87969297
48412509
56532073
31184657
38703296
79814014
91910424
1658953
13519551
8802047
93534367
59077996
31927201
44287094
29898723
10179019
74313932
92994879
27946768
40937776
64199548
94449837
29452907
80221801
30207684
7760595
13296692
26976805
86972344
22262723
69782778
87276700
76054389
69582385
83296430
2729065
44654835
14165702
78548906
64233182
53324198
77047149
32051907
47520046
83994799
26746329
28027138
97077910
92738968
88088272
57359695
87869127
94665579
92508219
89586399
19827500
86798729
3777233
38631854
26303563
7855924
23289042
94450975
69829092
18041867
31620478
9400179
85397428
46989694
45956015
52024689
50014373
63077943
9750739
31040516
33412644
42567528
37775109
36321351
82494227
57056493
22608868
22088719
56423587
5966935
14247610
55387828
65327866
34645351
90838870
28072669
86936337
31462514
74653290
48621054
71858822
85955780
91553729
76545958
6509192
62526161
213739
36438851
45037762
19145393
80126619
20692725
79457985
3551265
80052360
20771316
34924076
93582695
6166354
29088101
86918121
6650033
49998778
33679616
69860207
75175763
68162056
53768026
3529171
60901865
96695796
55757930
67101379
19099052
50997612
62440953
23768467
53236408
71429805
27248656
3073468
49554031
78013476
4775682
54446771
62422540
27048525
40282351
25413751
11653943
85070511
86045306
93173015
75272833
39940859
64212835
89706624
70912236
61131075
97913005
94142088
31351369
32638998
77502433
13141198
33458014
60878023
29551762
84920342
48810452
6106263
55925901
68171605
17304345
74817715
99881898
68851637
31148247
15613648
9871876
7469495
46900696
65132877
20028939
97527507
36440386
28432632
26762487
50186696
27280152
84620192
21437752
21958968
47819634
88088010
34328533
25724717
99258231
79996702
23620396
61890632
52845343
78608646
14851961
16307565
15122649
80674976
24560472
50838674
48281150
38934679
3300333
7098620
71985963
58831874
99382498
1673973
30801397
90916616
43393913
83139892
67665578
11069588
91523580
34183460
62039710
34418264
27582259
30751498
24297442
65713836
40832402
93545352
96776343
75156008
48420421
75316367
45453711
86551318
15928369
56994537
56260934
25568936
31794472
46864996
51018017
35815270
83272382
17439890
74554199
80727957
44757367
91799049
42245140
89867780
6948816
12018776
83749492
49017442
12286509
633880
11563586
82260461
3818446
43595897
93434322
49554211
78945885
75727010
1736890
21010812
12914491
42548012
12184504
52210848
66271860
773064
94992965
14037000
97010328
90304191
19109141
3628369
33030190
77918917
21784229
85968779
4446064
37812483
76640138
77464621
51772824
5353509
22278642
70187208
84671213
35072901
69935369
20600866
68416189
79026110
4697933
48408104
43173010
97292994
36190083
21865139
64598318
15601867
63925120
41582994
69771979
39954568
75204654
27555429
83185221
78638305
28633395
74092255
54514209
94104235
32455066
43503915
13533168
30022670
75623381
1824245
84840522
27876233
47464060
53101787
66991145
50730383
90418653
8493781
37916139
5815904
86084004
40643255
27474481
46640526
47881961
4845662
45378063
44030508
52311790
95725315
63406860
85191967
97022961
65808659
71047968
41120982
61837172
87141748
791721
22436001
10303111
73974015
49720740
27502255
61442529
29171488
39221046
91545582
54066337
49464840
79441457
659763
75561145
19059211
83319077
11257248
24066840
44488023
59912891
40005160
7860056
3547210
12395014
20474219
99282377
69231830
26190468
35264760
47698765
54913271
36816688
25591323
45904938
92869348
45967486
52842983
3767627
37610760
19167576
90316605
21409509
69054467
63145872
66097918
17879371
37595075
28639793
33383529
36478967
30837497
27767298
37424846
87533801
51093715
18327759
31935229
62399826
87927054
65511300
84038825
21979166
62719127
21332933
2075521
97433640
4772666
93787987
15270328
43955139
22453317
31409501
83467041
49589641
36077035
47040159
18374052
3548820
48389466
50790575
4814165
75044002
81757895
40474380
31532607
98677080
96612257
58014517
92047262
5947327
79907770
22003539
96185308
19125663
57788865
2331086
32889861
78963543
1032689
28726368
61242705
85089349
51508665
13596387
68306069
15977661
15859572
9207233
68860489
58368433
76550731
77113935
15275541
31852611
64443802
38323661
1143062
97209884
91954358
92904241
62602633
89219705
62638680
8804262
96791564
73208520
48627916
29616790
99305207
59930616
5344243
19620231
82982583
62273528
45526615
36318959
18924030
34563366
26143960
39750135
52964257
69842532
76940481
1232410
27733349
92679845
80855055
93396728
42725457
97015470
9413977
81482554
2221942
61772402
86584288
99218359
37591156
28783434
62957268
7936044
29639328
33182972
57146003
5735789
42162468
15920364
5213331
67426297
75108469
35021639
92844363
70044130
37534395
76269752
4456532
8247630
76261288
98604578
41074588
18696701
15707144
46744120
20718771
45637966
84481702
94077077
39659424
55070971
44889585
68384939
71757391
13381114
4320506
92061732
77284313
37284642
38743631
50581547
78631162
55756734
5755313
85112495
88499558
94017392
99906585
48970087
96470097
46756193
21401118
37419383
91087828
41682091
18005563
92732189
89325209
54347199
51112519
81104646
28823698
33067484
81183255
88799849
36709452
69667870
70632450
83869716
52515923
99038509
29024116
28797266
2942057
57711387
87637628
90609971
82814480
56377404
8078650
94447441
33304392
21877789
54915779
55212375
59985503
84561481
32142126
59659442
98198171
69088894
59715551
33292654
44180150
77344755
67537103
49681812
72980743
56040949
16979277
78308504
89988885
33918846
2992832
47986415
64854591
71491662
90637775
85455198
8422866
86948117
10794428
6742820
90844489
20638695
50865368
67940005
16935294
13504204
45736990
48415158
61039402
46942447
89238302
63054610
37404408
8722193
44582929
12822755
1325937
2872166
10261446
16369112
18082060
96047322
11472049
42558950
12523122
24073785
42443517
56031472
45312146
53857937
24100691
667825
24852042
5784995
61734516
34823952
92291068
76265450
27575688
83734394
58969728
58174254
48984850
72125152
14887529
82987154
40280021
41898219
67897129
71167177
17021235
36873675
63978768
89235591
94862311
94329511
42343147
58121573
91989872
76859907
71512822
64116493
71394571
96024533
82739393
96877131
47198930
27189961
82906948
51212839
45152811
41675374
45362862
6533594
5939170
98313872
49171501
81559677
66154541
52514937
53835017
65262907
92768831
68199644
1988273
1623089
29581542
94531851
5262829
88082107
61504395
49440100
97503873
25870821
48746193
48222329
68578070
44021404
8053780
48982033
66443318
55893385
57466233
40650509
1177944
3431435
47511597
68923429
34955124
81189967
63031592
43235766
39054420
79697823
57279254
99234953
41298668
48198225
76078993
97987720
77333175
18581410
88751617
80679417
54480820
46414721
54422658
29864557
64451031
67534340
44118789
99305991
21937658
66660259
38345010
19582622
97569574
98988206
25856565
49197540
26521464
73768701
51924967
11838971
50822958
18395666
87661014
47406122
80772688
26843147
96238636
44782640
18453614
25753621
60304512
55412346
20780126
38003350
60748132
97296296
20029552
98866730
8381261
25851203
86193426
21583578
67939928
94000026
34683059
75755121
81385491
1942239
78347900
43907477
69224981
13270418
90788623
31653071
93233614
49698583
22365493
66734138
53962955
73113298
21344466
25881039
7212197
57410352
62738471
4656042
74492341
76211340
37110605
95594596
86333069
79985145
44975804
49680259
57429576
35661039
85342019
51719496
20765629
38246875
55534838
75191065
99931951
20936759
63063842
6985684
93405191
25276998
45266287
58062997
96994075
71839350
90031706
31778244
3999799
53362670
55741379
99067148
51019978
68824139
25806286
71289014
26418954
75428220
42384203
77438423
6513381
31997498
23877643
34522529
26733967
96721763
30761670
68315760
43875512
14519960
19855863
86929983
56976048
26443177
30246805
10685643
50519739
7442256
3959881
68240002
79123451
8888682
98298450
84580801
64922012
3355559
43145219
75845806
96843914
86276538
18022880
55227889
30760775
94404705
20739000
8711586
7397750
66012403
18718731
83242018
73160061
98900733
18397466
74721483
56278399
3518611
19515354
80208578
1425058
53851470
54437804
2333083
13789077
98442906
16540328
57385629
53350067
31198503
3531465
97413755
25678171
74310834
61806072
43735034
81881564
74772843
43322548
99123687
68719479
90373447
21039006
59260118
13977449
64023496
50018641
29281728
88596614
6200626
76692959
71196798
70202488
3785470
84181863
50846729
29803921
83935405
93480851
18003922
19666045
52577245
95708793
82285143
45309611
34936200
32438504
80068863
7157747
92406084
81650064
63030443
63104000
1623435
49589275
65214370
70451411
22390654
68769479
91175015
29651845
6187252
12681610
465908
18901685
88146299
25434705
88932889
38538160
38320388
79555900
877860
33334756
34935979
16106303
38902894
93098211
67342993
96573249
91649291
1548193
97972667
22372400
12236684
46351502
9673643
43978400
42896071
93337351
86492279
96127128
20410890
66994
20973736
48558879
31871295
73119829
456998
20510518
21068620
94946992
51493207
12028062
44309643
54320396
84441986
14700827
60256921
58995870
31708307
73487498
66541653
7144271
91553673
47998992
42359995
664332
23182095
29388180
50855530
81044586
90519405
458470
90962272
71343595
61642107
98523104
22440679
7910705
3907021
5370115
30704337
66097923
33190806
31461655
99980253
47513879
53708528
54235178
36277785
34775251
89050331
64434367
16700707
96673266
77067420
44163150
86646515
16338312
85550966
59229204
67920068
72553224
69479015
50171392
79188379
50732662
20549282
92979127
85189362
66756605
44006284
96251011
20579621
76748395
34795756
53975008
84815923
83505304
75275626
13101439
51666774
52952027
47229036
21436106
80929849
83864556
93546314
23127985
37668673
21712565
22231595
82724657
70081336
96218100
4289930
521648
28241712
69779902
50844481
66123906
15718187
38891475
35316178
28434370
92246683
40888904
15576307
93227662
80552502
77125302
48250610
60445320
17716518
79998433
37934305
75724743
87457073
65385132
20988173
79514097
34556352
14448544
63779694
87319878
26976767
28291802
18581367
68972832
76694975
17561969
55007278
36458376
76991159
71749941
22684202
48330478
11710023
61522789
86795555
2819554
66069243
78432085
87482788
295062
16192746
40586358
71982871
24189099
71116103
71632808
91262303
55569190
63537146
38489996
55512803
75977628
48253873
7294699
92325942
81903158
28948300
36551650
28713857
42405413
97493926
20965738
19327047
66216918
42020914
10699273
38032372
64234640
92336427
21842700
59797758
49211275
62605125
90529364
86258213
29730645
25183408
28037707
486361
32009535
41971562
50385869
12356433
3123091
56391317
59854469
29348343
57598830
362824
69320628
36746034
88146433
55956763
27293099
36245606
82255737
13109920
7382871
25169450
67555948
80505458
66696050
6823326
36152602
14740489
35426636
34093021
28718257
50944969
69315109
18930172
38758944
4161992
5263928
12954679
3425785
4134406
38572549
50994844
34775914
65774664
51040843
8744711
80589964
14440513
64352620
69260076
76872238
86120039
34391712
24175217
36826934
27107514
2335285
75553471
68247786
18206630
83285287
91019631
78214437
33063743
70163353
41914326
60432362
26140519
15469730
48001580
21247035
92820238
7273580
22245257
98205219
75827255
87951937
80261748
49915515
8682302
33659993
13767714
62430552
9633138
39754942
48982988
79473994
31549510
22876482
45283359
28104833
87029053
23560133
78900626
50137626
31123895
80768635
70475017
79417357
85072772
71711116
73272297
90908377
78154463
70189318
93019578
89571949
236581
42018788
89474907
64989738
63657925
87908843
92538909
9079439
99289196
63168836
83957997
63112111
55678309
38969108
20146569
87218590
82716985
82913115
91522663
72830371
29082017
2821408
38395991
26932663
27560301
30316942
29906840
57102717
7976928
98105425
4002567
77803515
74592289
40124874
77872324
21785176
98931343
91839084
95384463
80563736
73454438
8245368
19781704
84329074
82109658
22024459
14393057
60950016
64673719
23330308
75726054
46545681
66166538
81740631
14248006
52359481
86924628
54290873
50488894
16697245
4254086
78113295
44162035
29631232
82980497
98918507
53013977
30191010
8739077
3835156
43450903
41681700
99687096
122968
40230128
30250965
6804280
83387625
18636244
27072900
72339604
584070
61571658
39409679
43347002
37242669
40597100
7767425
83117046
23541643
16160862
61060828
18133129
95358344
27481339
25558134
81100509
38912922
51000204
22645326
34131836
46395235
86150398
62813700
82432034
29104161
47463404
28561423
46855699
91603308
69825237
47989597
44060236
84124142
4680528
5939384
75021283
91417724
64503901
44877611
74416268
84249245
16343544
92108288
55852913
43137443
2139136
24294308
53744516
90544220
89558709
32330095
57662219
19499459
23914691
58513345
13176227
85080499
15383373
73735439
94735578
51117932
91149384
78000663
8863919
4068331
54196949
85749915
99508963
98782566
26534322
39556265
997436
87295639
33487053
47664632
79390737
97996410
79269122
54427197
41064021
90695921
13166371
49146315
21808459
3311363
68685160
32515125
99119
43477393
54873321
27497027
65703813
67205411
62675360
81878055
52589570
8557469
56297537
31583037
20812841
69758973
30734705
93458260
18478529
28469238
19723044
99685340
67760255
41485740
31390502
36870318
54800279
16749990
4294026
33647219
89618702
72675291
25704319
83945652
69292767
64946976
47723042
16469512
97368082
25708990
29607772
76800460
30098632
82759572
46404413
5919150
4378092
89930579
7853218
13395138
28862850
67555259
31565833
29618229
50179999
71000150
90396059
50912146
91184919
85314580
98782416
49277248
97729854
30771739
88361099
78280624
14248992
90713131
85344219
35867628
11017194
85287005
9457755
53312548
15017596
64141152
1605379
81356259
77088580
1141702
60406723
85357286
63820409
10573099
73056969
58290948
15613901
45316230
64547655
45909699
39821981
36861087
97616725
99259267
5972554
87288845
13033491
48330907
66808092
65368473
39857811
67106498
31593566
86543364
73600588
43360402
3837418
3672966
18065556
83524467
57652184
59811435
84879952
44338645
64093142
85095232
4690436
12392755
39605694
30242499
68431962
9562177
59553161
2454674
2229839
90677962
10593597
69467225
81250447
36953232
21226851
16948595
15319435
55325994
86640108
25450346
15436062
63849946
90940129
40111026
18143734
17418754
88353015
50514333
21902611
51256329
85962859
92106631
20728670
61534602
59282779
18100900
22173964
37014335
30712231
48132050
40919075
84915639
54996413
16503616
88292054
75479522
94295427
69320700
74270270
87010471
98247607
41809252
84568204
98299729
10361637
29390276
28081753
48876209
52546159
905390
35329361
77786852
30114724
81167893
73376293
13107672
94901901
16433688
30857089
1555446
64329647
24927943
72557584
18015150
46166512
86054233
37929110
50058710
20921273
3974762
2314550
34515981
61433605
83301290
72092370
58652450
81426468
45586932
93889713
68146155
62181681
54167839
8067955
29767514
54791388
76266268
91925162
8805245
70355172
98985557
64909794
41350180
44150453
16611197
28089342
29395842
38916681
67671453
8903394
42495877
99768110
59139071
94665985
19616034
6441418
67386771
43551961
65433694
57768754
35559057
25121874
47775461
47155754
81978224
99119088
33925468
66357268
56930143
99080516
1761488
34489563
14557693
16939153
67105677
60362552
27968713
70468392
77002259
74269501
99781871
94826782
80258818
68449668
70214492
49256719
4277430
96002441
79583462
18822079
3990777
80427285
38175647
21295966
90592048
83949371
11150135
20112764
74619560
23705069
78835998
8244201
59007655
66416293
92124318
13266801
43250474
54805001
35673825
24459850
60976304
64981721
16220330
14037857
58573555
22564351
66368325
37787160
6208937
74961198
83514547
83490713
94673051
59220191
89043970
72341418
95623926
99274955
43124397
93036507
5877510
36658217
83575101
14999575
38072812
70347637
36144506
57797943
60004241
66767591
19652620
47672968
73241598
65786850
99739800
59705697
85998423
49165721
87821129
22696692
15863628
17606169
28238212
18384047
94429135
39186534
79073710
94546737
40036649
29076116
32606578
89689239
32482847
55728934
1111004
66192615
5302903
47884325
51718741
44890873
42373871
57331460
24532197
64403300
20834143
44630298
82605779
26255580
79383742
15873983
93890029
11146916
52802002
13132929
86056937
65898385
10966881
2635720
4186022
38951890
28412613
85269940
23648420
47346816
7695031
94058691
54896282
69754762
50010757
84821262
39801854
65355106
77492092
85928063
84328094
27718592
94395604
31922876
6691384
23603237
24383569
35467415
27019618
24308096
31050666
54864148
69328142
33495749
90991611
91868914
74898077
47370315
81177792
91707141
35834158
80778918
17046924
37935848
84225931
70799259
25784434
22424676
98459106
29023885
74683470
22040699
22821418
3788331
68636468
47371636
43074658
36005231
75922895
52296063
24092266
5900348
29498985
39396025
39496775
66709034
41933567
49782424
84718646
46737758
26143889
22403629
59618656
12747965
98123824
52909922
62964048
74763448
77715576
3265413
44047206
53965243
74186159
92137441
7900297
33677636
10851234
25853886
68445525
81178872
16422389
25848669
99513979
86150632
60090565
22087221
81570745
39514881
82099554
7842814
56700538
98089422
79917049
65603489
90367823
209446
1223531
28170696
61690403
99299792
491526
40243180
97269207
21503508
34326341
82149069
50049060
35792521
66939240
88446832
45196780
99765945
42872257
32969581
34307763
17758305
88946450
11366222
73904901
53378547
4844590
8037864
3426048
39756943
52061524
50507037
14423534
28694147
84606534
8846376
85263253
37401954
7791459
55907701
74006423
98567222
22326471
17475875
86666635
47239311
36061899
83574429
72202804
82946552
30669367
95865533
43567950
74493645
64674735
38712828
30689120
80059492
47525927
52483038
97806104
42575276
23717279
87996629
58072930
29003615
54056120
52902237
28303616
66852832
58481457
37301794
71873050
77645182
96132921
58820062
7683549
76077306
98100774
51259412
16278383
14238459
10814528
20776301
64865693
50793742
21671170
71585693
73582975
27807721
37105013
13167954
12389996
2554123
93254425
94988284
86450983
68535880
27909368
88043583
14482639
16895930
51425169
41758797
70264544
18189503
67195930
98278400
93782998
45899757
19544583
70679381
60084229
76187242
28240844
74977163
76232940
89149759
62976426
86937634
16900369
59575499
14392346
41654765
91630638
30373216
70236102
76654288
82656711
62381129
96670914
96779809
68720234
4898430
21126997
3120701
25865203
92130893
5187166
511484
35974527
2510803
74538270
93753120
76832038
62611467
87127133
97732118
93987598
81156823
70063794
17787308
46644848
20847885
9303079
45573033
67900014
42461653
15396183
73405231
14685700
67077243
84510954
41680819
72515932
88045802
25174248
17791451
60319524
21248242
66175703
39995756
94072113
76324747
61033423
95085290
28592339
19527755
11941692
72752933
24053354
91613576
56586108
28469989
53205575
98446991
61684898
88018188
48045505
67012488
31893471
19654618
90636537
21153291
37274198
54582342
62401986
24252144
41131183
68283914
51125412
58952762
50184253
58630935
66048913
487413
47125783
63789291
89321885
72553333
71362568
97664391
69731327
26096107
35861438
3137659
95197170
57598164
86455904
48407722
99007286
74123218
7323376
81935517
40546357
90136045
93362944
96558078
82077482
64675258
94354659
79319415
54551153
27021366
92580912
97086153
75428998
4460882
53926373
10622477
69634803
85080545
24483851
34042796
57115022
45377641
67847434
17461870
33377873
19713311
75690319
98798146
8644395
78422929
52613386
63615781
26558911
61372307
30002891
7293564
90873850
5464647
73100417
58040815
11621247
40310272
85786552
46344719
6319566
66342045
31225111
49370757
14449993
51856457
68169734
26005509
43607146
90057383
28222311
47355992
36352808
76748292
31068480
4856570
45289639
86469236
51144206
61708589
9071951
34559020
18528179
97923718
21647475
30652710
66551465
91617082
69933807
31501888
41638964
39338538
91575179
51342518
33177449
43006083
44624166
17557061
4150564
64930141
73996900
75617890
48798863
75519767
19270194
96240637
33812901
56397289
73730129
61673859
47899264
10252133
98956881
29546735
86549640
27666310
55855596
95708512
54629331
64729865
93039077
66101249
84360535
78141294
72512736
87437076
9548847
64564657
79206384
76584773
42252424
72570249
91412651
52002628
86863052
60265475
12085063
97206550
34687464
41956893
70013211
58701255
473283
34437682
53461727
66958222
95182460
9543394
75726207
30779296
73734080
59081491
57800138
45613545
78536473
69703644
73368844
62403790
82669621
58502972
12951057
79254885
6016816
15620664
85467910
4967729
27842997
76953727
24452164
34191076
18454229
81280589
49079326
40173168
6250761
20890268
21337101
32823294
38955939
10434505
61871575
3843239
12321174
89869005
24723256
421653
12452434
53517425
29224683
689598
98386125
61833577
91701451
64512979
61649219
50754863
5556396
97908863
63063833
65842315
53986009
33171662
14858450
33444057
73661402
35070
92609293
96599150
33628993
76351595
94987301
44039948
57466157
84045670
74992187
54563859
65791302
22860691
62959707
23676250
95500897
88594584
1974476
53197996
23187944
95676836
97046205
92807647
84612731
35929800
18246957
88728904
17689625
4987504
59819954
90439702
11387024
67569756
3771833
18448225
80665634
25694847
82493165
12620958
52020608
35376886
51237641
31823126
1919184
77594323
90762130
31660671
84054423
22834772
24717287
47602387
54534850
47521798
99704486
95144733
91418343
84631620
38857762
90827359
10312734
37658700
63333791
74294738
48573960
80303733
14416157
54057455
14891880
21587616
46791077
56402997
65273977
65514203
82136764
18919163
13693421
19592600
93256912
74794439
51868930
63758995
59224736
65275897
68927903
64520916
50582484
35903361
90996278
67862698
73728969
58508213
80797225
49554327
28243166
42980770
4480329
36820061
38546053
9839251
29111382
27141120
23855380
43069391
39355646
20063817
25045231
77868082
70976409
88676131
16019458
52454377
11132326
85767582
91268966
25834161
58895167
74749701
59999212
93864763
64856825
73897856
84611322
90206759
80409593
45176031
28776672
99429729
50829578
50982702
8252854
42209595
55258905
38645214
26632294
20562580
51164290
13470327
86452494
15549241
57050719
50139297
14048314
80533623
13067373
7570530
86701817
46348228
4434951
36539268
61560782
54941082
82482236
62815321
30975076
33205884
27044902
6079106
39648258
55059986
40137090
23646139
17045368
94947803
36959552
23114036
86727473
44627105
21266589
81287835
81891619
37360967
24080517
65303583
32291006
58024018
92617853
24188953
41701241
89710864
50523705
39452100
55342862
90488429
34941922
88822179
42836295
88941095
79771035
62207036
73704053
41664376
48056064
55604336
7490558
2032949
17789403
80565798
82869619
10620874
7616953
76568902
42751016
55862582
35475366
45563693
95310862
95503447
30108135
29700140
68370026
16997546
6423771
31321209
27929207
48910318
84365511
13865391
55568725
25124708
90940649
47611974
46517771
80282638
57233225
98398143
33322485
27070150
90914857
84658544
83197168
84690693
53579591
98659828
76110233
63135655
2686081
54143920
41379387
43387094
81632200
37185265
87342044
68539046
68020694
23780958
23417551
88497431
14825399
93448309
61474462
14721865
2363848
46120289
57620634
18197494
26926882
18928500
89433968
54073529
20247497
8090783
80218445
67910282
62535606
61776309
17774968
45802734
58401467
73793220
56933073
98248348
99351716
29128309
95731893
83305587
33441315
82761327
78091460
3453790
1941697
35948553
24962875
30890994
5639827
16144577
96708552
45820420
97279863
48140648
47720642
87487162
35466553
77807803
77154734
82191132
3549877
40801492
30738279
96298870
86962980
88544555
56750539
92532605
12467332
767924
48807330
25142487
3901237
6017010
76993414
65439024
48734751
22542586
17336910
46634681
4370553
49339987
74408744
19364206
41898497
88196912
17202967
85109834
44733155
71482929
47881784
54092075
67473290
64267404
3401200
44021251
11890861
9839349
1368025
30827037
80029957
71184884
80914265
41428579
9704451
95362251
92514412
79792974
59689681
45472529
9916461
60616758
90801145
87019082
67875246
50379531
53964469
34911902
47541339
86299689
12927072
83939700
51244676
43156616
13699974
86452574
27580275
65125802
40654721
92098877
11971224
85674810
88288276
59008023
69247937
70314044
62193637
60600261
64725661
27788955
39215157
89930422
93213967
11430000
4699616
99973449
95186473
73124580
39073716
92816765
85522041
88919636
33354045
82928743
89470767
22455818
93264792
16495299
72461937
45558559
4830917
1926076
8884928
41752553
64002761
27468258
33119336
65223998
91334642
26610473
85684721
95204508
72388574
45352042
29940763
70200485
29194536
63361253
8982710
94861202
44508238
48856701
27817414
75353331
65170947
72794423
62542868
78236837
81317598
1541934
88106712
51665494
42878890
99448164
89611265
94523822
26591825
8091627
91322173
30922026
89543307
32783780
70187710
12898711
45755892
79039473
97376022
47741526
53379207
12119708
82860265
17417150
13621000
80759577
40789431
15769565
82074870
97911297
89331017
42792524
2844349
5302322
55400964
386573
96111202
6511410
11155775
83867513
2866347
8751287
17990975
10609500
89847227
81921121
54445447
59314491
76271820
51663502
77695301
9929654
95583162
85879730
85454010
93877539
84661610
86650552
79750114
49000878
66684837
14568945
42588664
72540091
52429649
17538220
67270159
76726327
4466773
51792179
45103327
5859091
9103821
44455317
78980612
41085833
35833941
85027989
79659823
8791043
53020798
28097399
31126674
35755552
9302200
59062667
3269159
17964479
75061220
85030560
11424067
79514363
92905941
37750007
88606925
63977842
52665945
53049047
31009895
23500635
67162689
31628785
69663152
38259977
13285373
78177699
52973613
44944677
52715789
19272586
40867573
44018425
133557
82266029
24861473
52218658
14693773
65844713
45132465
82043170
19080585
38851604
308026
49689769
55867674
43449560
1662994
50873822
86874627
34384900
36599977
92285820
14526793
33954150
89940574
60806046
58283771
75867581
2101708
54751021
5645139
19888793
41107610
74700384
47078408
71172448
39337918
11401444
59659755
37354448
95345459
86412315
84901559
11832450
56991028
57483698
10838365
2778095
53889324
2208718
47048344
7441425
55135129
39050905
19319377
3764985
80471988
44280126
17798327
32096700
48083593
46657508
45080287
59120419
30047717
69616848
97673972
65914646
44695218
39728103
71598310
58022936
73779886
250917
53831410
13263073
88582195
57992865
87954447
16864914
36604335
79886702
29022964
81434369
53823664
77440126
87481390
84849624
87325150
15415272
62450004
93612140
96052201
56798311
11119794
60576830
94932637
88883763
30664206
70393848
61806362
45025222
87205088
49144525
59426031
25729550
48408384
77455658
52200507
89401772
43773123
80909095
2190958
81506412
78728316
940991
55353799
1457091
14265170
71616284
54120163
27447037
15723504
87062276
73537338
91109247
94240203
4509593
79031226
56212570
77470908
71365149
43781511
5553172
70645115
92852008
50169186
38762244
5001176
46633730
51606298
10031838
17424279
50218643
28232217
89785433
96713662
41793221
34276275
39279174
58710133
55370741
9322975
55481681
96773374
23266366
60982326
25904553
36152396
76153669
91512366
28354157
63961359
99018300
62567913
93682277
529143
79324852
98047998
4225891
35228099
84959868
89432211
69598493
70299795
90202000
30713368
95237443
26475912
71237251
23455459
2733070
17146434
65875790
47962472
68026668
82967173
91450245
19444761
36643477
22915787
37190292
90372752
93352303
36021077
2268689
27312631
70771610
77208137
83953868
33288316
32004420
69103817
81225725
24281971
98676221
20918857
59551019
46102715
98783214
68109686
2014551
15043117
94098862
12080178
64466969
17802954
82698871
47424534
72805569
76367623
22828465
8925046
18352105
69765606
26598030
95578124
15374882
99956069
40348759
25048917
58164719
84029818
23723818
41125274
76866580
5594370
2497265
46958710
86896280
85244278
73187672
99858038
83249142
96500108
56126002
56367601
43368482
91819635
4899634
3786361
29250845
97302351
85370146
49623499
38410781
29976642
60918415
49568918
28747495
88500474
62532017
54265633
92678819
93805500
69087948
68463706
45883431
85799385
69173671
92570220
36732284
23822729
31175383
94386962
61275727
75357213
71731596
11857143
12590871
19923711
9032726
89422135
42600273
12940304
47356266
26682118
78757322
30489969
80225
34153230
82085008
25461877
85234595
18005112
13949002
47118179
11560113
64484612
36139930
94205630
84181441
44833559
2431553
87392437
95058091
46349423
62533799
22754319
19394019
28703925
5563097
7375700
39392365
16886458
9860412
92310463
71809716
15832690
92850402
98460514
33951302
88058258
27070886
72701210
15661396
4512967
31294494
98057178
3910614
60680658
7583308
29194361
79947966
84041984
56589719
86296799
21193352
16358204
62742291
977317
89392240
3007743
91222997
34449020
30163727
75385535
46484284
50301958
99369128
11909864
3530943
36538824
27732799
7975103
13147612
94871304
69188054
22281877
98940441
99488957
16236342
8918431
97491608
90137049
63505223
35822295
88285475
32527603
28863108
59810321
48827338
21853153
14381587
34945806
69662569
13069740
35177826
52869075
35352852
13739681
10117452
42589657
14008246
53176067
20552288
9388362
91575072
28026263
72195498
66824989
6603648
36818469
23234996
29725406
36657819
66936004
26808495
82562816
59167035
35534025
82170078
24460266
82071626
42004696
54633475
72313411
75387543
19911828
24819549
15198401
36285217
82671987
96158845
46092862
87776504
82456853
25386462
15270670
55812450
28144796
1596925
81931073
9997068
57408796
53542138
52125783
25924567
14800579
49162775
49850693
88639465
57018384
91231560
65106581
24270784
91443696
11877042
75433391
94453848
88126023
31634358
60673557
33918353
72395127
66454598
7337917
1554975
47960874
98628019
5178809
80399562
34645625
56701712
77042506
24178817
57457976
40386529
50883953
29299389
34827851
57712984
85963199
6835393
95896110
63685688
56053501
83246017
64823517
72099357
15467485
31663784
68804045
49937947
89920451
54394837
19985073
85420983
78988746
21555295
95616768
12516556
64604422
14723008
64719182
50109170
43407326
93355841
68369555
70980085
49579082
30781023
85072201
88747385
81885340
9713420
20705906
82044736
30537809
63547726
64119212
31966249
290397
58754344
3746531
92481984
67665993
24877032
26086918
13640233
34610036
34372837
71160870
445282
29801096
55298274
60849837
72983896
12737326
25090062
6033187
94299491
29461634
7094732
58757775
36214859
79747128
90543645
38426484
30731227
88518387
54287928
84622499
26593053
67006646
13936983
26059018
58471156
69644725
33985855
10743402
18430667
68973903
89641262
27893851
62929476
12200357
84620074
20813280
27615345
62141552
1975079
75529396
92657257
30450644
46882982
87302594
88354380
83639278
77898894
78915253
34677051
45619743
73779129
13874057
81354751
85887735
66493791
79108831
40363943
1745766
70773084
49209072
72218506
88685752
85187983
56634372
54903546
57034578
58055913
85234221
9776220
46948292
46301563
37927477
41819023
96890154
60375290
62667486
4984985
62857259
143983
12675978
81096549
46387626
44710131
86223837
26684925
44463969
60288061
68996851
36457421
19320107
90079665
86973749
48559993
8336256
55600875
63935180
12910901
17041192
29325139
29250137
90943627
79007568
16082456
8743139
74016448
97279625
32936918
52472791
57139084
99810376
4308216
67747371
51395397
41937728
14868070
32206550
13484270
24005735
71996706
7793314
14677058
17359422
89888620
61935853
27222858
44753146
75561183
23814490
93883225
51921568
73911602
92790053
49036758
95582183
32725957
11846940
95584327
18921192
79345821
84453691
60817663
65022856
29107670
26942266
10460945
79402784
17067058
85917416
55192493
72917314
43762222
84028348
61484371
54678008
47939936
73059511
46058834
23398913
54122102
97940632
53306834
78705204
79023475
94861636
6460503
61312904
23280577
87802245
4982237
23219360
79295906
43777282
27662460
74734480
30588975
59109564
26073289
13591300
72961360
76952909
2359561
52584673
13099929
69017139
88884226
63254975
85245253
42972311
3058310
33802923
62560366
86386218
66928088
29086382
58891817
17669056
29816128
11079236
79155449
65807661
99831809
20214402
94853670
8843315
18472057
63349716
74145248
45188133
24960453
16683694
24261612
78853317
61227526
74192816
52555177
52939168
28474607
9353153
5933607
64177317
23465808
66737228
42197697
26198081
22813452
54502726
50986061
89594608
52477177
16050665
33185572
26710584
15881207
55703373
30004700
95004464
49993703
96403429
7495051
72324845
39840912
12666507
78230396
84987832
57795194
30072764
83663324
37334295
73875601
72206439
52007905
53844268
97666030
24289739
60242084
47437963
96027021
91937731
40011501
96835612
90819341
49323549
43907688
98289486
64398870
99748640
3345454
8998666
63779356
31916631
11561419
37278166
58977422
4017394
90096434
37700824
52218826
62544946
15729809
29749968
21691750
84709798
27302014
9704531
80115196
18003068
55643977
20135758
26017856
8554873
61852650
28225449
74723204
4059156
33633260
51417214
31825063
37067447
12678107
37617757
77302731
97630079
21175445
45662922
12269733
91828412
2110857
31472070
54723887
53143030
63689609
17980932
3892675
27729608
48744056
496974
82871378
95663223
43086571
66302264
32206175
51764508
54282528
73859557
27526401
46706866
38985399
77282208
36411061
13464755
31532789
77032071
62286274
98863601
33556168
87512117
36134439
35023439
45306228
65967933
64946993
54450407
12379709
3597108
75559096
27256286
57354
46802973
35657926
37145023
39185882
35461545
79405724
55784481
9744997
12722288
9437591
31637124
26270496
95298426
47554150
981664
51922561
62610866
64903122
2633587
12474574
87721455
47228091
2950822
74680555
92191540
17109789
86076973
19670663
91361994
16210995
88035756
24306742
881170
49693505
40794796
11172146
13277010
72340338
63138497
17795594
64620103
26386798
95691075
51038174
85285332
36223013
98050013
69475272
93096721
90191836
67841426
21159523
70690837
79023850
20067087
19284770
8056048
92958426
58155661
23594223
23633702
8794932
3127831
99356790
42119757
15352581
60367529
38887434
93958949
83615535
18444740
30924673
49051038
33633431
45075775
73173561
82932023
49051698
37305002
31996836
69720860
46383127
90513709
94846813
8206596
37724313
7479123
76762299
60412597
51679077
61213569
88233089
20495147
52841796
97333455
97245951
60267764
20985763
906303
57256735
89157063
3092161
8604797
46336869
91117528
84356474
62681183
34927641
61568514
94479397
89409904
20651795
20546184
82542973
91929395
53873297
41875822
20334237
13029679
38419114
74299287
77644348
95277807
85632705
3312984
12113883
62456553
67613441
30137072
45373872
7202748
35557642
50407957
96781249
40025161
92614721
59083657
55642513
22601777
2132366
21909593
49038365
76137023
34486114
38929284
8098540
12277046
86021249
35752572
26609887
88996563
83624926
13440227
52851754
41996438
71244694
54076414
24758347
29279834
33136148
40382204
96238494
46530905
15903530
67866811
32872018
65238078
37037499
13930898
34577562
28150352
6659794
61361028
95279901
38269130
28144157
78462006
44828000
90220143
46780427
18496937
81858794
68606448
51164055
31909316
37800417
25191735
5370323
83581160
22060581
59772701
48030456
50018295
10020467
49263644
76079345
44668093
27045678
54515906
95157562
96952125
86640649
49492260
42313033
51964858
98320112
15773691
53799340
31349052
17206290
37162760
90599713
26067649
11487065
57240393
40344120
82576785
50583010
3209422
10921684
42904817
76277634
80375155
38800634
36653836
71357472
65928167
35897825
9829028
87160247
58519690
95137916
29372583
18943330
5456717
92252660
92562314
84579206
93718690
44176421
99698762
71522376
57435975
61946687
83741453
78693443
52093607
51973694
24064684
63136192
14739113
17823305
12974970
79895377
1935915
95714796
85767205
3894531
8543033
64562164
46283865
61404827
13456102
81983255
59171715
29140090
23824695
38202854
38867140
32927946
1065088
38209086
16170638
20377593
749086
28072786
74057837
87709326
95540252
50496587
25627250
52149022
98502577
53510895
86587027
6231775
76299891
57597688
45320564
15302456
59106159
74468028
72864418
69265759
78568047
88099107
65178169
98894244
54777940
94488714
25404951
52577501
98140597
56424556
3819657
97311873
94960073
68585294
92111544
56859181
80916051
61458634
15817108
50249516
63746825
98722632
99530320
65200542
33467944
36132077
26282380
96872986
69776352
49595318
3945179
57230603
44468751
39730997
47399751
71228108
65433524
28101855
84855184
59353220
18332571
40022942
5915452
99330226
99182878
3063480
13325726
32113516
10832531
97548574
17255735
85825330
57876721
16759175
47840541
9549957
58584403
69012153
83049522
80938212
97484759
39864444
30441061
52399577
53631510
95505037
47738995
4326028
68130364
55450965
78520604
27398865
11938937
82274197
57355596
33679569
41366400
52357617
42616705
32448433
14619456
34291375
72106114
88949589
34077032
753435
34306463
85310494
58461753
64468252
52591308
78831904
24551295
51164790
95890966
88682354
25501630
31212145
57282213
94489928
89664850
60693114
64002548
75012692
77556998
66020021
3328046
4595685
41263987
34618858
56500502
55387759
2380841
41985587
4826622
78113363
52045889
54251197
12966606
45150545
76374007
14269551
82500658
8493810
16837010
17249428
42152531
56279911
84949767
6645995
46231151
69134896
20188637
89268366
19247409
16787911
73978128
98758868
42424475
47997671
52263571
44179358
91343512
35712191
62994578
20101865
32515836
49004117
79246639
14140816
56800443
25175449
62572902
28652857
26668365
5009984
36452652
80405165
88644805
99434536
68240289
82269140
13735628
1864691
85642231
62563844
39941888
19396577
29426017
75897550
20165851
64936374
49992870
52509865
15665949
23384466
22910379
86041680
41083843
25144736
45972314
32881855
79000252
66190287
7534056
75403939
84011570
73099092
8823310
99247250
54686052
32591092
7894781
80728112
691418
35835944
10596877
62056295
13366461
10515438
4376590
40945208
52545902
69282968
85543333
41990369
31327906
25617194
8426754
91606656
19755576
51567519
24287688
64591736
5040390
40311407
40277340
26451460
36620129
59543466
52803768
90526230
93880894
46278688
57150447
67674215
46471063
45186907
99287899
86421698
72547305
33642279
12367073
35506714
30259411
90831132
38325126
15173800
24801729
41560012
18669249
54368710
34233661
56233070
91110222
34926557
27657130
6889849
28211354
91825960
38580984
71868548
12276354
97856955
72918193
66657925
81825104
55838942
75990679
61436642
48447499
96803512
57692990
87037950
7826844
25482973
63578823
1674275
23030798
71566032
79052380
24726330
69509883
79458996
78484951
26524248
21164807
7040881
71697905
64555823
26835585
37481101
28079812
19255332
39493117
81884147
89419466
25329917
76383611
61061684
725341
36828207
10412440
41373807
41105420
21601100
60399825
60223640
94717103
87922864
79407395
27836573
57727252
2621864
94216121
65321225
62972487
10593421
36776339
18590177
28046192
14371970
29959288
8996237
67505958
5199561
55108552
5319121
86937778
54003224
46343011
70549182
332001
25425541
69171118
53903009
44349864
8149993
54790440
22451989
13259504
85794752
72375103
2268835
77994408
29126856
799812
7828466
93954078
46417307
92191361
92966463
88379120
74534966
37195181
96776407
48682084
81251031
90409174
34599422
2682963
21170701
9680758
35965028
23943545
90819149
73108590
24945167
96329594
72477323
21290179
92469425
61408843
71411753
30770935
16757759
30575891
72631339
35302252
94330076
35471344
2791356
11333231
13849521
46017770
29681809
86145616
87445927
30184962
53685850
55388779
39835626
25013656
91679421
11077347
24145147
27069226
48947909
35008377
27087974
78569021
17163097
38365328
43595812
73787539
50300143
7808913
82647262
56023216
61117035
52485141
13677135
10990180
98184486
33302733
78080985
71436408
58339165
46409816
96252339
734444
32880742
92203010
96216867
92661712
76741276
87405973
95084079
92669251
94073280
98009863
70745018
92156078
4918301
8311077
63078050
90648471
22036726
96466047
11441272
55277016
39753779
73614104
20209079
13791151
70953317
46093519
50117549
70663791
7017712
31175249
79700619
14905113
35921981
17557901
90659135
95144548
80446317
80806336
42437412
23696288
34123402
57674559
95946152
62595540
12029815
67941517
97494886
91775232
55963942
30900280
47281693
24528986
38946159
70859836
17917717
67293002
52891336
35362236
50972550
24268316
64154329
66490838
45439807
86898622
93438558
76429648
47514772
70091050
30831474
40657243
26481180
70472561
77525533
89830865
2309901
10449610
30321293
12921885
67772835
79585088
83167810
15822852
9095716
61663489
31854678
828439
47305958
24770708
5567649
46680943
16850641
64780370
59172081
33700220
70464306
26931023
99476017
47389294
54161078
91124582
1581492
70938408
51884822
95768291
46758126
40806605
61620422
21137147
51788442
672827
79739482
86839555
4495969
85606779
97434851
70564383
46791001
85991418
5657907
77732074
62704020
32013700
41310137
92177663
74981858
97947624
8997830
50313293
92961162
76421652
19285435
54890783
67343210
74796713
15849485
42842396
22342324
81752068
27691999
2560446
35580960
84337202
78628683
77726549
30879650
25248249
66766084
78575471
10643191
66947677
23062442
23837208
16737322
12486712
69420665
51162962
98949601
94925043
22118316
61094490
36576505
87980443
29178205
42060638
752995
13304372
96848348
96525385
84246605
26492670
19092538
89322417
4557486
82052711
46597237
29786498
72134467
16744474
41790768
20741328
95561356
98306309
34551291
51624400
53020170
1728364
85561973
3604143
70251690
21849276
52551861
23380131
21217568
64509727
86184610
19981510
94155516
7775803
26964106
45423372
98113643
88354599
45798575
41811203
92482543
62236445
52246759
65144045
82920396
74872757
92334939
96613507
56722734
35385530
78799537
85533869
98790761
55404923
88792750
53812036
22057944
31616930
57089835
43085472
87653575
54245289
4402267
71550979
54839792
16927424
33198495
99363179
87230510
43866509
54023861
25066829
22004703
5294961
61672835
87573908
43192376
18527426
76026971
83208687
52107446
5643178
83774155
38958762
71585522
14348719
58719085
46427804
75291641
23644214
33265133
88487395
81788014
60628746
79195350
66726482
88819812
61480220
42230955
56812117
31172871
64102968
7306334
53549445
48822504
98507030
73512500
19355934
22026179
70143551
81397706
55511088
35040559
9442251
52027908
2780872
68229403
46266730
3504670
57050276
94473133
8724414
32469935
79468136
13341261
42549112
36048039
95035083
54879076
97006743
7314993
46814333
81821084
49866726
52178401
74877404
33374239
92223582
82779453
19817545
3692858
95126840
28836134
19024830
39567548
34656869
58366447
98248022
92675709
74252592
13459983
1725501
89962413
30809551
33414396
51615912
90441292
79641530
76859616
76121297
81542225
68264886
95284160
85001470
98447376
46853429
92935323
34863940
20286127
89149832
24929240
51636346
43147402
64589460
84528257
59818677
32837574
53745803
14771021
53500354
43032605
16736556
24008707
59662555
46964360
15701992
27238171
74900830
36902378
62118892
60972954
89376897
40463277
61728273
14247756
60477782
14380493
10484316
69155828
75480946
62188083
76544173
79668456
38586728
7993902
67577877
72803090
90821001
6731773
69222289
81347769
14796850
26211118
45799043
94070705
80133845
16797997
9605740
9117598
58229796
46998625
54831880
78543896
67110917
93485959
91726996
80121107
70978572
4607899
94917988
56215841
97907419
69806319
47559330
88802973
15178041
88288148
66092548
90777079
79643918
66885767
24289061
20509413
92869053
30713406
93803018
79073611
58966696
79200250
86104259
79436805
27835113
38930972
5507433
17910768
10925777
44111006
79904986
52817561
9616070
20537132
86046524
66483323
46172362
6093453
8557475
996129
33034512
94271895
46200616
17090539
48882171
43076426
68654146
77356308
91503175
3163132
54427544
85333893
10926979
16257478
62129975
79432786
2516365
29211585
21382731
86170690
77984838
38494330
53349321
2885928
75087662
36750529
51287101
49198182
66588804
27004919
72719772
61060069
34461877
2676324
1406993
73549636
80088101
89394133
34957881
11258347
18659981
88484230
2047748
92362316
82350533
77253143
35301202
43132271
25030809
91519788
41209601
78429067
98435554
24865791
3855088
19493834
31214447
19969642
93276758
91213433
37823222
50113844
79763571
99900319
74591332
13389694
21858410
23657597
84583100
69440036
98032701
29890562
76342458
34328549
2932651
46199809
67109779
21409861
95523000
23813655
67406248
84379679
61814924
78134950
11085150
61366906
32466640
74724723
61594396
39628542
71313518
46930992
68010319
68296007
15580701
95336305
42125442
24803969
79809189
49034231
25962272
80664572
76828868
33717920
57270675
91422049
2213137
4477683
57602943
39625129
61088511
48713746
38175112
7289026
6760725
70765436
91920813
87919256
41562465
36812641
70074591
59973587
68791785
83499729
55412888
28700400
92605086
18749377
7965369
96644823
92969816
56260642
18956089
51844792
18334057
92394064
6360322
41428193
10590603
9319117
73909391
68922075
85866252
82685303
7322676
27608629
67999074
67998833
54956214
17743717
87008535
43726078
58101197
81848981
7421813
20873272
89851720
88201582
64913284
2020345
73129539
92617631
69097444
3763250
47444639
32674388
32362441
53149785
6576476
30156768
67990942
77586474
61764821
69604658
94179032
38775639
37012607
90499994
82374980
78121526
56419644
86156759
20653758
55134639
1154897
99330085
91085461
14023806
3901822
61871933
86404914
54213359
92043959
12389220
481861
60409855
37670902
35688249
39452027
87852993
59517003
58300230
97181573
87389600
1860037
25785996
79117966
45644275
14713435
50913023
93201767
63265426
64836645
50172805
52566165
44929078
42582753
4338366
16145468
82021759
64936020
2128221
10669587
62703319
73335548
97461342
41428526
96334187
54213680
49166019
28209248
2801011
29798627
89376706
92939180
78738408
31929940
70417696
63370953
50343922
94462599
9007937
59600479
4343213
46791522
17778876
80181389
68956672
73671125
84401817
21825173
90452129
72831740
42719708
82144410
1386184
4202380
3134064
64946059
71873745
8551094
38757509
37743216
13449314
99805250
7807176
85083979
15023151
30754993
5707303
7036316
69209826
94452226
67581480
15827226
41825503
84411632
31679646
14372220
14240228
3612416
28053412
93344731
84460850
99799261
76381668
72531896
54581824
52203894
70289345
62580884
56289521
69130902
16622693
85939563
33423188
88464505
37285185
37167281
53611090
86693151
93785806
44433294
29216134
51588272
4412283
82417306
7186128
93816492
10791163
62977117
24860355
22284595
51371382
89568898
42233930
46702670
50871030
3732783
68403289
15748381
84621122
12094892
60170690
4450457
88873348
79238036
83054279
5809337
4314035
66367073
91162759
35031021
66188787
72726156
65244475
86112740
87998201
87011599
71197861
91743999
22944559
83015196
40992208
52258670
92558913
88904811
92651589
86966414
65780639
45092288
79794594
19895268
35726807
66087601
19678951
82447205
65778561
98975077
37814765
64511049
57049783
15934356
43993238
94675402
51951850
8013625
40145092
2279438
61417081
61474711
61858783
97188077
49364570
80318158
76852356
74389748
91056408
28227225
84767472
94049356
87854104
35612018
86491181
87138192
92867234
42099307
44194114
76425577
9414582
92174501
21343707
3087100
96419951
43485319
91825588
72998587
80643752
57522853
87361597
51818713
99399681
40291398
11416815
52564611
26395067
85215789
52117887
99390092
7799319
95978465
47980897
63410625
6100566
97654754
93521608
63346991
24969956
77326244
95601995
8303351
30625926
3416716
22974330
58813348
76828515
29941387
38578764
95383814
35716193
60149580
24876683
89515078
9395106
67881246
28725663
44621473
75114769
29028831
87791299
71155104
10392179
15148322
71114187
26705682
56802377
42685727
20494690
65113443
85796841
52505063
2175282
61564318
1341778
66805802
87282752
46686513
28152887
66474699
11375591
32414474
24536521
69402798
89399841
30252265
76977923
92457553
66308557
86586955
72569551
92817327
70311663
79151818
43624286
55725909
96741872
98766431
34855110
8847549
59597265
4166092
61450015
11247447
79933928
21634187
52832886
93157388
51749454
29538603
17560246
13246194
38760310
99533063
71840597
63534868
73166700
23232270
80692157
57922961
98651561
68011066
33123156
25072809
89072062
29510146
21595342
50730596
45872605
19034811
17339853
24950588
84835375
55367400
7931736
54308376
70898567
70809427
81216356
55197327
38625323
27553952
74056921
37072855
12864279
78578846
83549093
70302756
64393413
88075845
3776087
63994084
65804499
99349107
23415508
72086347
95395740
97917101
67521345
9269147
50864978
30518693
74152293
50765684
62966457
88461779
74213777
35051276
43722910
2704185
17004643
62293080
14177693
34540275
25436865
51436146
85551886
9937335
83588090
36266839
90881985
28471330
23385771
52709266
47633347
57296781
60457959
92960373
72587303
66012962
59668360
93546112
49169381
1224280
97232906
56986499
52880453
72523653
75095671
70167662
35330713
45215265
71110579
92971692
36236929
30658931
36158735
89911770
4317711
98370195
11850421
73072026
89507711
23689832
41113401
61301005
24636043
68107813
12285174
53396523
17673782
72461144
61214563
55126540
55358707
95601278
39392365
683185
71841745
61033171
64864411
22716703
91939277
74950990
69647490
61783268
40771115
65728500
4977985
92185507
74012115
95219449
95710527
73815917
18139362
97854938
37825864
73440497
36252904
39294379
38959204
6933718
65699063
45073178
6024321
86413120
25623412
84008926
93492419
67254647
24564158
84931615
32853773
57471271
99161060
39156465
71203156
78511103
1470454
88036899
63650945
55412807
6547967
26324802
44032648
56893554
25788620
726865
81301035
14739977
57307633
89097176
58709621
56844157
37468995
43692077
40482730
93816953
62115798
7541359
1952826
81221801
80516211
78592282
60827063
24331417
14637272
90742121
53743954
11384996
21989907
45167917
26826091
43454371
76038201
65665146
75548307
75621239
46707713
7197469
17431303
71892939
57537998
986569
63492504
21705687
42433273
92237546
27235158
32286714
65658251
78082907
4027025
79297727
26387740
33504483
12933220
6556810
54352919
3080853
53880177
10279764
70271161
52855227
8387970
68116268
43246487
91700159
41192781
44850329
30991275
23699519
44770841
69815560
14549541
49611170
86064194
7035034
52257907
63083892
56909737
36266550
29263441
62698312
64725065
85644183
56560185
64744919
3644134
78308005
70900255
67377209
62011117
34570910
25349637
63245049
92912319
46519976
15740434
75085008
41211340
37949836
4729218
80901237
61000892
93211012
77176062
42256552
87893469
44305960
68772605
86630219
10192300
95494229
52723670
96329601
62017644
54687038
92452061
4007476
6663220
17221830
33600376
47233243
94413629
4217543
60460876
78958385
90653712
84569814
40412112
62602269
58140187
49032846
37640730
51230615
779308
80472790
51907343
17242923
22151326
9266679
68379481
92605152
58016612
82487294
71796092
35953967
92020631
38985218
49214872
23801262
57686194
7208980
37906162
96117889
82716698
733945
88226504
36266799
72282029
70229215
21980836
56045988
78243598
99979428
95212137
88684418
48167457
41004068
96270184
30700503
97078721
57784721
39168208
81300674
68327850
80935083
90786769
41586269
49509761
34471032
77070983
67812532
27557035
12043940
45931129
81582339
67570724
63747003
74574914
65890223
30301675
58959026
29940590
87324256
10574502
47103691
68457434
4607272
34104653
79329366
84232238
44943720
9052028
5963747
53705026
59622897
27517961
66867573
9406242
73893106
28791902
99557411
23686676
90107490
3459013
63554178
56297879
43366727
83381852
73758896
71048453
16563545
52435904
78974233
87228517
46072703
68054790
80981747
3290597
84726389
88427393
839486
61760717
48225465
78190747
68260529
57830750
39119793
85358216
12869134
16981999
29319686
6861235
11325476
13803703
31474002
84415610
29874789
53459147
50147385
28331414
48817692
6942818
3011139
1183830
62862662
31917640
64415664
34081004
84123749
55415381
78651193
64935053
89376533
32557410
48393532
5289995
50885126
90373962
21276083
12293397
79154497
25008658
22973529
57588827
62532047
62266030
90945340
72488150
87019337
8535865
74157563
17994528
27207152
28208804
83787588
27848689
53060192
1937405
46831199
60320976
5640491
39143582
32318571
64482228
89849105
33422500
32879356
2422630
49215134
60141513
8496533
37966212
6305999
7897741
28758361
16661785
4059582
45183974
18087320
66142170
42583938
50973419
73688474
3445091
71418442
33484606
50538784
72999128
49704910
57755866
38944085
52351725
61307799
80812236
11428006
35154557
44885117
54207631
17771891
24147316
2172224
81453286
35193689
47140338
26228494
91527303
23850236
35851549
71399257
11188015
34670552
34634284
61563253
41750101
29408386
42797032
95411078
26109851
99416772
82198079
87664832
15249984
5986736
47572297
4136320
49362404
34672339
97858158
20533952
72396450
13142105
95494874
25887748
77878380
34754124
67504041
33212187
33753224
29707345
25064061
85164782
38188781
81531040
57245745
95721011
66825935
2754932
12055785
72259691
32269750
99531551
16785530
74088283
98890816
34309789
71659292
7639118
72299094
39640172
76234210
7497097
60502799
83876813
98556151
79910430
37741216
57479750
92711767
52199423
61904009
77067505
99299411
71268835
630598
53181167
4613374
30019293
9406807
55337092
45909815
39963274
82133076
19777056
32131604
40006338
82747951
78716571
22670327
29371856
40899662
26055702
55298291
481832
50498518
89614199
70747607
41576046
14675954
59057905
19900794
84175010
25289031
98674951
97763043
35188219
17920288
60101827
30613255
53872378
65013791
24651700
6644238
43576349
85880413
19584439
95361381
41447679
88497947
12579037
89051505
72839851
26213630
37020996
63539422
44460438
84048750
53121991
34121619
24000547
29050376
89347647
79702873
89970899
19229513
65421953
95063345
11777612
70324196
38278361
62438346
77434996
17299500
62503915
73124382
48734474
58559686
18502972
4872544
92566509
11048388
23489163
86195970
3964496
27643005
18963322
68461851
95107825
431214
56547153
61308611
48651483
84279356
98126309
81800484
97159253
86917120
57922178
84761771
41345634
15067736
45777562
44224742
54208277
49981341
69600297
840613
54177323
78360652
34245732
28627213
37763803
43416605
72275448
69445421
2707451
39231857
4690104
81983253
17745753
89404769
13687625
47876962
21960131
50306270
22938237
83977917
91243610
93981412
61602146
97357164
81310012
72902319
24303385
56643753
75891294
79815857
59499879
46990435
90306900
27366153
2622470
55169201
85580914
60782644
99502464
66237057
7650947
24457623
65703193
59496487
87359134
40914573
35203874
43432811
3076248
88017755
6395409
61891078
4269981
56848923
87672227
92004187
74932137
6721830
1697059
95524074
73207863
34889975
66078152
88396734
50521739
48053787
88853852
93102139
86837178
63727393
14503750
35288040
8529501
66084038
35108063
82345307
86660649
36341327
14541573
72679691
28646102
28546150
88933197
67133390
66044340
17135952
60435821
35170102
99258101
30943090
86230390
64740149
45842703
96755083
83461476
26875548
2399261
85079177
56566417
76854626
45010980
98310747
86696622
19365851
61826419
63602938
99391567
95362226
13476718
89553172
43232546
30532107
57665551
44792547
11958378
50115491
50524291
68061840
483993
91079731
13277277
6268659
46437559
37316073
7344458
58063881
48439281
2647811
86459774
46332281
85793787
14723480
18054191
43687504
65425280
59646297
87418348
17606615
31252026
89700164
44952779
53561398
57252128
65956670
80036099
33556951
59054630
67020598
1144621
79535898
60705734
50800717
50181904
7267309
84524272
38794659
90196522
4298707
50435899
76346715
69173598
86001024
5241089
30112842
13202859
2460017
20048870
56843589
14700068
14236646
36230480
86356755
94034920
19260471
69585627
40661841
88229617
34755381
33306765
50033143
68179668
91216859
21568998
29521713
9562721
11846642
83844603
80765310
81910442
98647151
39794092
28815951
90100110
52955724
61362322
28909469
35092380
53433426
30318905
54855922
31080995
29198616
39395814
84366367
8863506
83388882
34465506
56286416
99912590
49598891
32007830
14907883
67871010
44757240
41211635
21995414
46776847
54479968
50063054
93585133
30176923
30644395
26959440
46573555
50798477
50977617
45755269
13146545
43564204
45548814
660594
68435507
5594735
37388314
74469507
51402085
52308291
32489939
31869481
82437486
55967127
22913205
88610532
25323420
41896748
68395566
58827863
92517687
13246213
42926723
73109502
83407102
91848658
13981880
9339137
28050320
85911345
25243302
74073810
87447329
82116313
38974215
77858675
70267276
88926670
87288949
32738934
15561500
4835695
37167188
83973580
75002593
39663755
51028767
81475033
6416091
91956588
44518646
44621640
91805575
27962778
67125343
63371483
18493095
10900115
55109588
71452354
31591719
61389197
53460134
57194427
81551135
5651322
58983931
70056632
73309222
21405332
54638364
95807355
11913583
52868512
92852357
76698513
19090208
59457263
71730006
5526884
42197222
71050767
575235
58323455
97684205
56698492
97794069
56205271
60229569
11940800
44885997
43227042
9762316
17033998
83770545
382228
84390777
74446226
91090451
48029195
24317943
75834259
35476564
92748722
14511202
97590566
68080658
53207524
65565558
15793536
2951002
18926979
8678455
42815442
57841769
33633402
45833058
76529601
32257369
74665015
18863354
68383114
62934801
8310751
63763767
88538550
67326776
46280204
55350778
66190266
71610011
44697431
66933149
69117417
90469897
11690321
46811618
80943964
25257993
24484460
57220907
83347701
44218063
57106442
43814787
47755588
63907707
76569328
19273838
21692859
13826087
23256488
18156352
33135219
85454482
25891469
51847145
70717783
68273394
67568649
94127783
12915751
96824792
86287376
82204293
13565573
52751874
2760616
58579143
2011813
44077622
97432847
41122937
39981475
99582851
32573013
75642318
23188769
34598873
55291943
61167169
49453324
96603364
95356332
94939244
66460166
99940023
87364230
19764770
97562822
43943243
73042049
53886951
39667947
91291540
67124243
8132084
85892040
70879414
52675900
65957837
40638117
73489308
13162263
80923591
68852970
69104395
77376344
81141705
42652554
28303654
9556607
39855782
12738545
60601587
86208108
52312001
85014505
22372307
28922448
21752887
93838848
92334703
25366295
4169495
99876945
95108618
72879772
36166127
80181987
40520726
25603090
83242352
31487243
18230590
8204990
70585530
15849073
88591888
15786102
1766838
404413
79638657
90295787
48590633
98158843
21578637
23208546
78244817
4629820
45213019
65859340
62144890
18532008
38950055
78408986
96560969
35031500
60162867
87217574
53021652
68804291
68946719
96570907
28792446
31032678
41537049
93007546
78571177
91441430
38960962
33887876
66256171
18999619
50500908
11853511
95966502
7687671
60765118
33691641
23011338
90422255
751121
20079511
4443105
58547421
62174269
98445211
79418210
18940699
30750022
4411215
42185852
44376187
12861517
8942082
32828151
61363095
21556754
46989852
88830368
49409230
24506500
34610405
12476145
49547407
87387175
17244485
60303192
63589140
39302359
33169043
21538529
74194572
70990981
79396715
92768078
18580112
97054947
62708484
23756894
42214116
78202513
85900565
3077536
60383834
14404094
40107141
3800896
54208950
75129957
95174788
80501504
63847444
70009532
93071630
79923865
60018945
65187486
36542927
56657433
63955312
29846599
91454057
1246089
45930070
50849184
57127004
76381729
90755538
53510080
83762891
65454627
19954607
1562293
45520224
1417209
81264640
22559833
78679365
23549667
80100218
76670795
10028247
11996734
82369072
24543530
99115549
29283494
78952226
92646182
85502023
79093395
54639492
64068646
39027849
39958497
95269851
12101150
73297316
10957918
25592594
63479708
65822654
50215718
51356682
72456653
22885524
23096008
73193108
40544022
41208262
3956046
49178630
32768912
96158880
90650124
2864895
17947482
90025992
3867149
20033040
46574790
5291783
73489065
37594308
23342548
72276513
83211778
78497449
38732017
47248663
71842743
80730880
5166783
38471592
96754857
24558963
84215995
43556952
16558074
11655744
20889966
31111579
96926527
15051931
51982914
27323255
82882318
84685757
57732956
40717050
70626828
54719546
87172505
39146070
47761737
22371138
39309736
89706813
84042409
18138922
29739038
2281070
20981164
60961291
67525718
28916369
62706687
20142765
80982159
39195685
34095117
59730884
1178569
47647273
38936963
19024109
9773767
54302520
72595366
69849334
60719452
40096939
94975600
52963278
48111288
35926378
11571594
38294994
94000472
4159280
3602028
86749859
94294580
33703229
64482422
79496134
47184141
78068338
64272476
672534
75018666
56538866
74572299
42099000
22651173
56730329
76248321
53203069
52864143
19137267
87938702
80341442
79436601
96369109
83496604
88077247
38252141
95504056
84679840
26506663
54930927
45395122
45124887
33727026
13639247
33470890
4714551
65401980
64189956
49359933
76133723
16371004
41159050
71395403
80797660
88894087
85223356
32168065
70875383
55895057
84751096
83034222
81529100
64983042
77887605
61414397
98762674
4785781
48775993
76574668
3808140
47862250
18302638
54940466
6612171
57102337
90203351
95899460
92870708
87317363
90350690
11013715
59058268
68175227
15515750
79838679
26903723
77402247
78704107
56913496
74513492
80149283
3859718
73032492
27510269
81538591
61167072
16072500
40357894
48592048
92092801
3297567
58979029
91969675
86824314
27394023
56116656
59418841
15778184
3012452
76670436
29578507
43671843
47689231
10738178
68523643
9978358
60835343
47398036
85161982
21236945
78466072
66530044
63561040
29310311
60051772
14451067
88991516
81117161
84968969
88592247
68943858
62394668
37916048
36143280
39208867
77716389
68522028
69930341
89690949
91443795
45180605
80962790
76840329
84856446
88108453
68772411
5329127
31552104
31004136
24923552
19093053
84816797
78541350
23827473
97763575
71886704
83166449
7398173
4697019
59676346
15443323
23671216
36944320
74795850
89590595
18267512
46837536
64249095
77472958
42857239
53950537
98972959
4027717
27178411
99705170
45815484
18549547
84995747
37506899
62772377
74198976
38532519
96286116
27107183
96592065
75314950
95505202
66732462
12963439
29985535
99307814
71481836
34643688
7296732
21440116
6072109
3363986
91884215
14779570
56922881
52112731
25874766
65242355
76619565
98879594
44525519
41863029
65110480
12133364
22725957
16794925
77316481
70220262
31318831
41332973
81228180
632216
29035669
92405839
21249682
8102262
49276797
57197865
56176493
5294865
19663630
20270838
46245893
85881803
89495040
30213990
43516806
26022904
90207371
1320888
34312482
12761197
13069752
80110970
24778883
35093233
47601640
27837309
68119843
97076643
61541265
77276764
49722823
20720607
32241691
53744509
71531737
1140298
10945105
37700058
41708331
48158608
30458002
73442107
14536844
86548827
60819775
68157727
16086082
64405060
30411813
57503295
77416995
72269303
66704246
9117959
13327781
82641671
85299652
32749715
68740988
37756774
24623252
87023675
98920347
46225681
2646692
44639627
77978871
59138809
47764896
52489164
418282
85178969
3239202
19702236
66359859
9483082
45637292
69522198
36170379
4024851
70779883
75114029
27007477
37467456
8426405
87502061
20909894
53977100
68090965
66794081
29537957
53755214
22498186
88596844
31483752
78011133
83848851
29165755
4404231
58137794
30277051
44858572
69287069
79369268
72021540
95793320
66877089
6030776
45648287
68374274
10394921
41434231
78363484
40458672
6673409
40728018
31401399
89475352
22730771
27403387
54945173
48249619
6334382
22991345
19038329
87003414
52371609
39721178
61858796
14854744
32093261
56676484
6161166
87915433
19739172
58283091
44815005
42298399
9885268
32783337
76282854
44336358
15099625
58681225
10910135
32861662
41555162
75008104
83205407
20701055
75137786
15999085
44638291
98083021
75908479
99001487
40640063
12256946
87872348
2763638
58302012
37788551
82867062
65988660
13433106
32900560
11468463
90405070
43781309
66811854
13896785
2848828
45398018
12769980
70890815
62246482
91326546
1499426
99137337
6764380
67338302
36447789
44886238
68634623
93985439
75143267
46424145
90338203
70236651
21009905
43102933
83625316
95128067
15377543
32771720
58876210
1484332
55848528
43457162
35948006
34847582
33971109
62591364
91721171
38641225
79340538
81228387
7372391
18440342
67530861
38182474
60067087
17632717
36522045
14349152
55901821
4878582
93086505
10819011
38707763
49052287
76761940
80950420
23519120
10063730
33259562
36430955
79930790
99118130
48326373
93041086
88292266
24030565
2344920
2861023
97781473
27152341
81395298
378594
16891446
89328662
19911693
14543747
55740061
64332041
50750620
94965849
7721804
6617504
8194357
18691879
58897686
48206945
58476637
21389722
64577717
38268313
19325103
58662877
20169062
7615426
956654
75034668
74872684
11670281
88020080
89740793
14200983
4975570
20382127
81753881
66252599
74141864
77964686
11151468
26920599
45485323
82147182
61633038
67712062
4040195
65251159
9823219
5933227
84631531
1688326
99924508
49688128
22131032
11267047
64262310
62017050
54880273
10425820
68067515
96510445
67237835
26053185
50876078
61559100
22362814
89860742
95936015
96507254
96385888
98070846
65163870
98651515
70224650
5203661
1990313
82733523
30892703
39763338
62286264
97729916
46625435
28868717
25317336
71009659
47350816
41227993
88575752
39365985
42316222
97775614
60881966
42148775
90846413
15297950
32541251
28619002
81370689
26310632
50679324
17389465
34509203
73411663
88803594
23715540
8795059
49409017
92377586
46962902
615466
723400
21647652
81752848
87820474
1291939
36762149
33956761
59263808
25455159
3134692
63710546
94471945
95143179
92097160
15378331
88909328
74699570
1502017
40147101
80403490
15462311
18495568
23472145
50758680
9490086
68495055
67748345
47722335
59343123
37025537
1543066
43675217
5638233
26836355
59231443
75011069
29895548
77764904
49769383
72657080
3189525
93291092
46921612
88062461
92835266
39855079
20666775
49702365
22458017
87665761
12583680
65731939
10082465
37895267
40084815
66880938
44057659
77952958
93303419
1483296
78593418
9622262
48088195
71844959
43093837
19128984
28337710
50655849
29278700
10167516
38955057
53693299
61571282
90227969
23052080
98214676
42070723
72149636
80680155
68686540
8183005
6388722
19789810
11562424
6442285
46181766
7678203
50724110
72402296
18976864
40119751
64010963
42318765
98744750
14563355
97431558
15096141
17650576
14108564
52203756
18121195
21881224
75347825
91486297
18736901
12316396
21436780
42889804
39423679
30063603
71277033
20329027
55089668
24483869
4960971
16666849
97044961
91481378
79382483
31152034
16465912
2815282
66884234
45679443
85105452
28509335
82517511
39577840
84722771
90261201
83730966
78176505
84030936
32884392
88508408
97288450
13922228
24315308
30580874
12632677
45832755
29553546
39998393
22844218
59661821
71572873
43967588
38728107
50075121
8277308
9669350
83123668
45232641
83572287
28241915
80353733
93205564
22184935
25888574
73905740
83920409
42006116
29971291
15379417
57639943
802203
3472808
43703317
71390122
10740085
57746884
82193291
33165569
27742037
45123900
48744394
53788331
5103003
28429549
92179951
91316106
60273466
18625133
14295275
64996862
39007767
46398047
2733374
29869524
52718204
52979746
63108562
32686249
96960693
85484182
16666737
24193818
38245158
89241055
15026597
56975143
86272051
70634078
95754804
93254186
81428089
11708828
5837464
16356304
57587171
85142772
48600163
99074131
28352175
81057377
8058426
98708227
46999045
8859700
97755802
2393446
45888879
25153599
2079376
49626421
81563
46046748
53806185
68201203
52584046
56630711
46908860
32131495
49170170
70731540
85668442
73510108
35103468
13365379
35997606
40898002
84703746
15118439
7439720
89956281
16225044
27092767
72010922
96065803
84161651
34940649
35685191
23844274
93766426
33577993
81873807
41593263
27568619
71781042
57871395
12807715
24513811
29921505
54283581
26438476
97636558
92517388
22934902
52939315
82601059
32354146
47750179
92701241
78413615
50568861
2549881
52517728
36564647
54467038
56402114
52211017
85195162
96810596
11877534
74623652
43129928
6609814
50762373
23698785
80562979
66216179
81048334
87717223
36104512
61095289
6114496
2452220
92047327
25964961
20326583
31486279
92400632
93823374
65284016
90150172
2259221
92779795
1309318
26561263
56631670
97615845
52675960
94239204
9654052
97901102
29663164
12122237
29089126
16976040
25319681
86294284
32536142
3184928
76512548
91624165
47353571
90697559
85066474
14162167
41495410
43365883
34235077
47285096
77124999
92909599
31583405
49730754
4857008
25794078
47016425
27068399
58292305
54759115
58259568
98580307
64484120
4934753
55904787
74135135
90996444
18346673
55555799
28387887
41085296
80934592
73725191
52615137
39460908
73015556
94778457
45512181
82695795
56262164
14615580
75549651
39402233
69573728
10945467
36828564
9527349
35686869
9195899
45344826
79066153
97383041
36287620
3553465
58072492
36787523
24449462
91163171
13555018
29943955
30216244
64129670
61887781
9965803
56273011
90891616
68005172
26596876
60953875
62771790
32761290
47626539
3680827
85559408
43734911
6353292
81351326
51364000
44648068
47662827
15987966
4877108
32350414
86858232
82990443
77156068
71418896
73666423
81509665
8158316
33683747
38600268
77014923
54078149
414184
39757595
43438807
73333313
22827828
38893108
98489290
32553605
6210348
34251478
98595997
6960315
96735916
98083867
41657811
2196063
50848258
94494945
29272808
74956614
67179850
43453616
7611517
52298104
23016066
8084504
66418137
55822065
67888930
23699651
36783511
24518982
59667017
33586581
9548086
57543888
86811949
18902526
47231444
28337811
38381100
24209456
59104943
81740368
37122582
81948989
24527348
15476732
30519056
72800576
97910084
23671120
55972219
93483074
17740728
92869512
52555903
26020342
50418380
11321145
65326841
45148760
1444283
32018088
25737751
2834304
46106909
83043603
32652982
30774549
32754351
51098910
95278448
26428408
79865766
13940671
81616660
85731995
39103747
38317320
66937255
95015274
30005851
75646671
2020129
36964823
28553085
4900053
96701865
10592773
78362726
55905836
7790111
99374913
12283748
16002258
90780018
95519676
81477887
56644350
78045083
68328226
34903984
63312105
45450816
38360733
58649878
74067989
36718880
73977850
60320060
17368821
31496850
34492059
60088335
75997836
60429249
83788790
25838817
17576818
71088897
42283554
92026974
58014774
83163692
16736114
11993506
37241775
76155205
58643256
75151292
39585681
43060258
63413459
19381047
36614619
18250817
93437619
67315932
61977769
72451650
4164865
16985947
70506361
7773545
77572240
37129521
35330748
80088205
60622710
56043321
82880529
23389065
84470403
48693873
54248497
75891133
46003304
92390650
53072006
58714742
35812294
85684368
46700743
41905020
62889329
39125566
54745411
66685868
73837846
4950179
90809214
36465046
8715500
33213692
22634512
87368295
11373227
28380104
60860725
27074277
59391840
8246790
32542946
18122761
2069095
46111396
85672368
57375689
30996354
9671471
56801814
37342371
54436684
25082209
15924441
72053526
35099605
67970263
87667798
44337573
12865959
73921470
59600393
74108333
53019399
30947781
17092624
15244281
82807776
6796822
30019129
34961786
95921754
72070351
88635195
22939811
97847423
94561311
59178023
44134574
51150856
34999882
34683644
91289383
24653345
87957486
80253798
44855652
34838380
561875
90241068
71236600
27606375
88456056
262149
70613521
42482763
60225430
50119109
54589461
11463822
65915159
75439083
67072744
57150855
90913590
12217093
28031424
20919408
61570916
46480534
1838771
90121517
12154312
26594654
79114114
99192535
97053476
70302769
88422339
67037851
41043440
7088305
56468455
21149185
6267787
1148851
13001370
99857710
6370770
97082633
38116524
38334627
34168476
80704761
57007741
12087048
96860709
88924661
25204015
2393536
14708676
96070759
88247711
5898981
45559108
15068298
57852201
42661750
46593819
23908880
55785052
17844744
55181760
40367687
84032551
96071919
66569580
97400431
82988374
4905818
48126982
74895421
37811714
78955734
27844436
91867371
77762827
8613753
57825799
23709856
75946566
10327721
85815254
94887306
57450376
37458893
86696971
5738940
91969238
46500166
46742671
62648643
49466520
95938795
33695924
81164023
12529898
87953620
60457172
23605898
82444792
72460913
42089965
15963779
78744846
67385433
47682610
2131837
49732245
98832197
17623088
90216482
264399
46901360
11011701
92482141
82146878
25932000
19239441
65000484
52767035
43489170
33710083
48584438
79202272
49906891
12508208
13139949
28809141
58914946
89563468
82133054
94304025
92056872
95392589
70971523
45556102
28625356
98766974
88754746
49091949
87179411
88975307
94716647
41842252
22302251
54464460
48792948
44888310
24614072
29426281
8139930
53167576
96676552
36935653
87263768
5862064
42695393
98721538
66849163
57833872
7676177
73239048
80019869
68201328
88269043
82522980
82781474
32103768
78697981
17645572
27875127
52717284
3815775
18585191
85177271
27947518
6053781
61041721
48420639
45533968
45417510
79652473
82161365
42996329
50623540
49311292
94004671
31553997
58463319
45620103
51345759
64612907
72830676
75996409
85574296
37729144
39348275
27289785
23702275
13080777
6576742
51961450
24298708
80880274
68735429
24724414
29964942
21868680
18484847
86153501
3638628
43082849
58780246
97553438
24771235
14425436
41252003
35784702
39730974
6055107
34944668
9559788
65073019
28462132
21091354
99937894
68184212
88614844
34562483
85210549
84801256
23468804
12704462
14067737
52291210
67396022
95304580
39327979
64596054
86705239
79700256
82014371
8350148
20644949
69965752
82841309
41369191
75607755
66843192
19473356
70843307
50765623
41940644
85707693
70195390
69486846
33653683
90733796
6758408
67598851
45354625
58142228
75519651
46651723
1307647
74696799
71197426
11572913
53143416
36606718
1529234
31579077
98601849
89114864
45210891
28576044
94790188
79103687
60693487
50231108
78363809
36019110
84960596
9563284
54277575
27323698
24160607
48964518
21756798
51993489
83375387
58857668
45828480
66832142
24445805
92386576
63512665
44078432
11650254
71628569
64849509
44012005
8308274
44445217
89397789
58231928
12370472
61974824
22443819
47851735
29026217
51942529
16793508
17150472
95290881
86368956
2533986
17050750
39733317
37717651
13898535
71410742
24731471
6066852
7232534
62916064
5753675
35183670
24189045
30554402
90713583
60703741
55577268
37166105
19550878
8159128
45020575
24603026
92298613
84930714
60042160
78860386
65016820
18829113
42005275
1431420
10702591
38419031
28256047
22736228
19102732
29783264
12444820
96492884
74756898
51004099
24577143
21885304
41132670
35505065
50137706
93391324
21212904
38513731
46526210
76056878
57509989
57440108
6662797
65175195
67330463
4124258
62981238
17334784
33796361
45368769
80494264
2314462
33567802
79115237
12441280
23340291
13674857
8913745
36369375
4865212
67825444
34778955
1776381
26394248
50074691
41422972
75294472
67919755
12186058
33634812
52953018
67874140
46273452
7424673
92234553
7277513
39075982
50144404
52531228
37960046
32437227
27799540
999557
50614150
55539981
30372694
74505728
62177059
66847191
35208652
65435392
53447585
40756795
63412598
86492090
92461090
12325299
56203624
1800137
60814013
8385753
57627697
93650025
5383803
4605976
50735329
34256488
66867750
93377418
26129456
55635659
43902039
70429657
3560908
73851971
37415591
56623883
18707670
9579561
12621527
52426921
84448009
94831520
47024974
70852736
2868137
33208966
82742746
63551636
84048698
22014541
37138145
40238514
19541371
64596049
56409672
33552756
88022812
17363550
39910774
25435636
77995933
15440328
87524569
59015812
91809108
76116189
86426847
27707394
61938453
98417101
38793589
39398678
91294256
24752706
82628554
17438415
47025077
81935115
86837608
98596743
82401829
32964661
33967536
96568995
68102124
87161473
25414095
74343519
34499399
78382380
36717563
36888946
18303334
9124053
8170952
55303971
85630512
27476456
27275782
84038662
80699723
44309317
80079057
48692212
82332131
54934588
39520071
52045749
62222240
58620629
9079880
48379525
8028336
61274159
97736859
77558905
96842660
40223539
83857905
42761521
16664726
64819757
40197612
47106151
30277234
48225077
98418133
72653702
91654851
5630211
60707501
14299976
88134254
60367598
2956247
80227386
50867814
20009257
44138980
60585518
39855316
80059231
88581207
87262720
87066012
78550223
15397097
39414237
32414933
82293608
41352793
17896666
32290931
8000646
70605416
13184239
71109384
83023107
43204134
53679754
81776358
55298068
24618282
84797036
27239490
58683619
5638605
87802520
38596867
71069103
86960684
61011290
84223719
10522895
77884759
76210786
10046074
43789008
51310322
75925863
81851171
37661819
98213413
98207863
29706423
68248066
94710583
94939352
50225199
25506122
31890980
97695736
26312872
20724021
56183035
17482216
43508993
51934733
55207077
95660565
8601413
72148857
24610234
89905067
76717579
92424537
15623539
56702212
9848487
67519860
14444058
55547853
95500331
67619283
87820318
88211683
37467996
17958024
31044384
78421470
29555833
20016754
58730882
11718142
78138073
55851787
43024666
28703215
79284786
75339799
57650927
60421285
73823919
83503887
61581411
58614783
754833
47791910
6201982
81382244
10522747
72266416
25140512
29496174
16299566
73048536
47791259
55069484
85431747
47496533
8396276
88610909
17239430
20710975
71344539
61811664
88531150
92753274
42401607
68088607
67734885
888475
33859364
48964162
71299787
78181216
6743581
66008550
42766316
99281517
11855552
79138428
93364031
4990096
25811472
80118195
30804916
34469357
3893777
38711146
42243054
54574559
73498450
14164372
2273718
22146479
38417993
17576111
24717617
94771889
94625557
560103
73356747
4899548
35080492
47633765
15387685
8595940
28267488
72924568
767638
48497146
74029262
44601103
44021043
82729144
19446189
31321529
25416467
22410364
28796621
97734389
53176357
71946114
78001725
95858667
46464176
86039729
44315750
77507110
73099530
77632027
39066974
45799402
32125887
2735419
27678740
90872838
63499189
31436034
91686218
43109093
52542069
30363301
38420882
18542782
69296946
34695036
7347410
52490338
31334074
55374380
97573452
89725854
48469108
57868034
16680836
96972528
26292943
3923882
28347399
34365316
71766717
25571796
39838126
61555265
37074470
35596153
63510621
80398369
92666871
44903354
57646835
26409452
27925654
12472158
69678362
4775459
79186820
5509802
70119115
97064211
25922928
93058497
62906026
4198770
42921112
17471038
52082221
32103686
81593762
52618719
47316263
40962369
31506050
75745411
47495825
27229598
80461643
18862477
3331059
51483215
96558488
40897766
33277681
4499402
51036085
18734287
30142609
92212754
38888899
75002447
4018174
38380989
68628836
43709394
86878966
84118084
59049196
32182307
35190480
74283458
98684670
94644373
58105555
15484797
37091849
19329864
5281137
86123532
19696418
88264503
62732111
12673583
916594
25335859
72435018
83997532
46907915
41037624
19578062
88994212
75468453
14571049
84413589
14501061
81196410
90089085
72447540
17698053
54489388
83923625
2549225
76524722
96863228
21780679
77464609
1526938
17708962
60402195
69250513
94088041
44121632
29965229
98981528
99686179
53852657
79526837
87611278
79945963
60204968
50119599
13192006
93027918
26308562
85193766
69906901
37545070
3526694
32321546
97803241
8447313
83428713
13809945
3426926
15285853
56858837
93231075
3442880
40016255
68645303
49309762
52277703
50715178
52477832
41881465
62544238
5375023
32691727
21857337